451
        
54,649
       
13,756
        
14,250
        
12,579
       
13,873
       
54,458
       
13,801
       
14,812
       
13,571
       
14,172
       
56,356
       
13,883
       
15,411
       
14,017
       
14,541
       
57,853
       
Total Revenue
65,585
69,632
70,066
76,441
281,724
77,673
81,273
81,215
87,054
327,215
87,773
92,578
93,354
100,139
373,844
101,254
106,643
107,543
115,709
431,149
Total Cost of Revenue
20,099
       
21,799
       
21,919
       
24,014
        
87,831
       
24,043
        
25,978
        
26,707
       
28,452
       
105,181
     
28,230
       
30,151
       
30,889
       
33,033
       
122,303
     
32,879
       
35,223
       
36,016
       
38,