794
         
750
            
750
            
750
            
750
            
3,000
         
800
            
800
            
800
            
800
            
3,200
         
Non-GAAP Pre-Tax Income 
30,957
       
29,365
       
31,377
       
32,616
        
124,315
     
38,362
        
38,268
        
37,388
       
39,417
       
153,435
     
41,034
       
43,327
       
43,665
       
47,586
       
175,612
     
48,680
       
50,473
       
50,074
       
53,816
       
203,043
     
Tax (benefit) from Book/Tax Diff
165
            
(939)
           
-
             
-
              
(774)
           
975
             
(2,395)
         
-
             
-
             
(1,420)
        
-
             
-
             
-
             
-
             
-
             
-
             
-
             
-
             
-
             
-
             
Non-GAAP Pre-Tax Income 
30,957
       
29,365
       
31,377
       
32,616
        
124,315
     
38,362
        
38,268
        
37,388
       
39,417
       
153,435
     
41,034
       
43,