957
       
29,365
       
31,377
       
32,616
        
124,315
     
38,362
        
38,268
        
37,388
       
39,417
       
153,435
     
41,034
       
43,327
       
43,665
       
47,586
       
175,612
     
48,680
       
50,473
       
50,074
       
53,816
       
203,043
     
Income Taxes
5,767
         
4,318
         
5,553
         
5,383
          
21,021
       
7,529
          
7,393
          
7,223
         
7,615
         
29,760
       
7,927
         
8,370
         
8,436
         
9,193
         
33,926
       
9,404
         
9,751
         
9,674
         
10,397
       
39,226
       
 Non-GAAP Tax Rate 
19%
15%
15%
17%
17%
20%
19%
19%
19%
19%
19%
19%
19%
19%
19%
19%
19%
19%
19%
19%
GAAP Net Income
24,667
       
24,