317
       
29,437
       
29,944
       
33,112
        
120,810
     
33,020
        
34,116
        
34,388
       
35,357
       
136,881
     
35,268
       
36,304
       
37,190
       
39,094
       
147,856
     
39,272
       
39,736
       
40,833
       
43,090
       
162,931
     
Intelligent Cloud
24,092
       
25,544
       
26,751
       
29,878
        
106,265
     
30,897
        
32,907
        
34,249
       
37,823
       
135,877
     
38,703
       
41,463
       
42,594
       
46,872
       
169,631
     
48,098
       
51,495
       
52,693
       
58,078
       
210,365
     
More Personal Computing
13,176
       
14,651
       
13,371
       
13,451
        
54,649
       
13,756
        
14,250
        
12,579
       
13,873
       
54,458
       
13,801
       
14,812
       
13,571
       
14,