675
         
9,977
         
38,699
       
9,987
         
10,625
       
10,930
       
11,992
       
43,534
       
General & Administrative
1,673
         
1,823
         
1,737
         
1,990
          
7,223
         
1,806
          
1,932
          
2,093
         
2,418
         
8,249
         
2,613
         
2,571
         
2,406
         
2,380
         
9,971
         
2,711
         
2,748
         
2,664
         
2,751
         
10,874
       
  Total Operating Expenses
14,934
       
16,180
       
16,147
       
18,104
        
65,365
       
15,669
        
17,020
        
17,820
       
19,885
       
70,394
       
19,259
       
19,850
       
19,550
       
20,270
       
78,929
       
20,496
       
21,746
       
22,252
       
23,942
       
88,437
       
  Non-GAAP Operating Income
30,