452
       
105,181
     
28,230
       
30,151
       
30,889
       
33,033
       
122,303
     
32,879
       
35,223
       
36,016
       
38,751
       
142,869
     
Gross Profit
45,486
       
47,833
       
48,147
       
52,427
        
193,893
     
53,630
        
55,295
        
54,508
       
58,602
       
222,035
     
59,543
       
62,427
       
62,465
       
67,106
       
251,541
     
68,375
       
71,420
       
71,526
       
76,958
       
288,279
     
Gross Margin
69.4%
68.7%
68.7%
68.6%
68.8%
69.0%
68.0%
67.1%
67.3%
67.9%
67.8%
67.4%
66.9%
67.0%
67.3%
67.5%
67.0%
66.5%
66.5%
66.9%
Operating Expenses
Sales and Marketing
5,717
         
6,440
         
6,