667
       
24,108
       
25,824
       
27,233
        
101,832
     
27,747
        
38,458
        
39,436
       
41,073
       
146,714
     
42,478
       
44,327
       
44,601
       
47,764
       
179,169
     
48,746
       
50,193
       
49,871
       
52,890
       
201,701
     
Non-GAAP Net Income
25,190
       
25,047
       
25,824
       
27,233
        
103,294
     
30,833
        
30,875
        
30,165
       
31,802
       
123,675
     
33,107
       
34,956
       
35,230
       
38,393
       
141,685
     
39,275
       
40,722
       
40,400
       
43,419
       
163,817
     
GAAP EPS, Fully Diluted
$3.32
$3.23
$3.46
$3.65
$13.66
$3.72
$5.16
$5.30
$5.54
$19.71
$5.74
$6.