9%
67.0%
67.3%
67.5%
67.0%
66.5%
66.5%
66.9%
Operating Expenses
Sales and Marketing
5,717
         
6,440
         
6,212
         
7,285
          
25,654
       
5,717
          
6,584
          
6,985
         
7,923
         
27,209
       
7,286
         
7,592
         
7,469
         
7,912
         
30,260
       
7,798
         
8,373
         
8,658
         
9,200
         
34,029
       
Research and development
7,544
         
7,917
         
8,198
         
8,829
          
32,488
       
8,146
          
8,504
          
8,742
         
9,544
         
34,936
       
9,360
         
9,687
         
9,675
         
9,977
         
38,699
       
9,987
         
10,625
       
10,930
       
11,992
       
43,534
       
General & Administrative
1,673
         
1,